9  1  5  
1  14  5  
2  5  5  
5  9  5  
9  15  5  
3  5  5  
5  9  5  
2  6  5  
6  11  5  
11  15  5  
2  3  5  
3  4  5  
4  5  5  
11  12  5  
1  14  5  
14  2  5  
2  3  5  
3  4  5  
1  14  5  
14  2  5  
2  3  5  



























































































































































































































